# this needs to be placed in your switches.yaml file.
# first one is for pre 0.13.0 releases of WLED
- platform: command_line
  switches:
    office_wled_pixel_art_halogo:
      friendly_name: Pixel Art HA Logo
      command_on: >
        curl -X POST "http://<WLED IP Address>/json/state" -d '{"on":true, "bri":100, "seg":{"i":[
        0,23,[0,176,240], 23,25,[255,255,255], 25,38,[0,176,240], 38,42,[255,255,255], 42,53,[0,176,240], 53,59,[255,255,255], 59,68,[0,176,240], 68,72,[255,255,255], 72,[0,176,240], 73,76,[255,255,255], 76,83,[0,176,240], 83,86,[255,255,255], 86,[0,176,240], 87,[255,255,255], 88,[0,176,240], 89,93,[255,255,255], 93,98,[0,176,240], 98,104,[255,255,255], 104,[0,176,240], 105,110,[255,255,255], 110,113,[0,176,240], 113,119,[255,255,255], 119,[0,176,240], 120,123,[255,255,255], 123,[0,176,240], 124,127,[255,255,255], 127,[0,176,240], 128,131,[255,255,255], 131,[0,176,240], 132,[255,255,255], 133,[0,176,240], 134,136,[255,255,255], 136,[0,176,240], 137,139,[255,255,255], 139,[0,176,240], 140,144,[255,255,255], 144,146,[0,176,240], 146,[255,255,255], 147,[0,176,240], 148,[255,255,255], 149,[0,176,240], 150,[255,255,255], 151,[0,176,240], 152,155,[255,255,255], 155,[0,176,240], 156,158,[255,255,255], 158,162,[0,176,240], 162,165,[255,255,255], 165,167,[0,176,240], 167,[255,255,255], 168,[0,176,240], 169,171,[255,255,255], 171,[0,176,240], 172,174,[255,255,255], 174,178,[0,176,240], 178,181,[255,255,255], 181,[0,176,240], 182,[255,255,255], 183,185,[0,176,240], 185,190,[255,255,255], 190,194,[0,176,240], 194,200,[255,255,255], 200,202,[0,176,240], 202,206,[255,255,255], 206,210,[0,176,240], 210,215,[255,255,255], 215,[0,176,240], 216,222,[255,255,255], 222,256,[0,176,240]
        ]}}' -H "Content-Type: application/json"
      command_off: >
        curl -X POST "http://<WLED IP Address>/json/state" -d '{"on":false}' -H "Content-Type: application/json"
        
# if you have your 2d matrix set up in WLED, use this one

- platform: command_line
  switches:
    office_wled_pixel_art_halogo:
      friendly_name: Pixel Art HA Logo
      command_on: >
        curl -X POST "http://<WLED IP Address>/json/state" -d '{"on":true, "bri":100, "seg":{"i":[
        0,23,[0,176,240], 23,25,[255,255,255], 25,38,[0,176,240], 38,42,[255,255,255], 42,53,[0,176,240], 53,59,[255,255,255], 59,68,[0,176,240], 68,72,[255,255,255], 72,[0,176,240], 73,76,[255,255,255], 76,83,[0,176,240], 83,87,[255,255,255], 87,[0,176,240], 88,[255,255,255], 89,[0,176,240], 90,93,[255,255,255], 93,98,[0,176,240], 98,104,[255,255,255], 104,[0,176,240], 105,110,[255,255,255], 110,113,[0,176,240], 113,116,[255,255,255], 116,[0,176,240], 117,120,[255,255,255], 120,[0,176,240], 121,127,[255,255,255], 127,[0,176,240], 128,131,[255,255,255], 131,[0,176,240], 132,[255,255,255], 133,[0,176,240], 134,136,[255,255,255], 136,[0,176,240], 137,139,[255,255,255], 139,[0,176,240], 140,144,[255,255,255], 144,146,[0,176,240], 146,148,[255,255,255], 148,[0,176,240], 149,152,[255,255,255], 152,[0,176,240], 153,[255,255,255], 154,[0,176,240], 155,[255,255,255], 156,[0,176,240], 157,[255,255,255], 158,162,[0,176,240], 162,165,[255,255,255], 165,167,[0,176,240], 167,[255,255,255], 168,[0,176,240], 169,171,[255,255,255], 171,[0,176,240], 172,174,[255,255,255], 174,178,[0,176,240], 178,183,[255,255,255], 183,185,[0,176,240], 185,[255,255,255], 186,[0,176,240], 187,190,[255,255,255], 190,194,[0,176,240], 194,200,[255,255,255], 200,202,[0,176,240], 202,206,[255,255,255], 206,210,[0,176,240], 210,216,[255,255,255], 216,[0,176,240], 217,222,[255,255,255], 222,256,[0,176,240]
        ]}}' -H "Content-Type: application/json"
      command_off: >
        curl -X POST "http://192.168.86.99/json/state" -d '{"on":false}' -H "Content-Type: application/json"

